0.000000 0.040000 2.000000
0.020000 0.080000 1.968009
0.040000 0.119360 1.904077
0.060000 0.157442 1.808815
0.080000 0.193618 1.683382
0.100000 0.227286 1.529453
0.120000 0.257875 1.349186
0.140000 0.284858 1.145165
0.160000 0.307762 0.920348
0.180000 0.326169 0.678007
0.200000 0.339729 0.421674
0.220000 0.348162 0.155089
0.240000 0.351264 -0.117848
0.260000 0.348907 -0.393116
0.280000 0.341045 -0.666613
0.300000 0.327713 -0.934190
0.320000 0.309029 -1.191693
0.340000 0.285195 -1.435000
0.360000 0.256495 -1.660075
0.380000 0.223293 -1.863028
0.400000 0.186033 -2.040182
0.420000 0.145229 -2.188152
0.440000 0.101466 -2.303927
0.460000 0.055388 -2.384961
0.480000 0.007688 -2.429248
0.500000 -0.040897 -2.435399
0.520000 -0.089605 -2.402691
0.540000 -0.137658 -2.331103
0.560000 -0.184280 -2.221324
0.580000 -0.228707 -2.074732
0.600000 -0.270202 -1.893358
0.620000 -0.308069 -1.679817
0.640000 -0.341665 -1.437242
0.660000 -0.370410 -1.169197
0.680000 -0.393794 -0.879599
0.700000 -0.411386 -0.572643
0.720000 -0.422839 -0.252739
0.740000 -0.427893 0.075541
0.760000 -0.426383 0.407505
0.780000 -0.418233 0.738369
0.800000 -0.403465 1.063286
0.820000 -0.382199 1.377372
0.840000 -0.354652 1.675742
0.860000 -0.321137 1.953553
0.880000 -0.282066 2.206070
0.900000 -0.237945 2.428742
0.920000 -0.189370 2.617307
0.940000 -0.137024 2.767899
0.960000 -0.081666 2.877175
0.980000 -0.024122 2.942435
1.000000 0.034726 2.961731
1.020000 0.093961 2.933956
1.040000 0.152640 2.858897
1.060000 0.209818 2.737259
1.080000 0.264563 2.570633
1.100000 0.315976 2.361443
1.120000 0.363205 2.112847
1.140000 0.405462 1.828630
1.160000 0.442034 1.513075
1.180000 0.472296 1.170852
1.200000 0.495713 0.806906
1.220000 0.511851 0.426379
1.240000 0.520379 0.034546
1.260000 0.521070 -0.363221
1.280000 0.513805 -0.761468
1.300000 0.498576 -1.154663
1.320000 0.475483 -1.537203
1.340000 0.444738 -1.903417
1.360000 0.406670 -2.247595
1.380000 0.361718 -2.564037
1.400000 0.310437 -2.847143
1.420000 0.253495 -3.091523
1.440000 0.191664 -3.292154
1.460000 0.125821 -3.444548
1.480000 0.056930 -3.544940
1.500000 -0.013969 -3.590459
1.520000 -0.085778 -3.579284
1.540000 -0.157364 -3.510746
1.560000 -0.227578 -3.385374
1.580000 -0.295286 -3.204879
1.600000 -0.359384 -2.972068
1.620000 -0.418825 -2.690710
1.640000 -0.472639 -2.365361
1.660000 -0.519946 -2.001171
1.680000 -0.559970 -1.603704
1.700000 -0.592044 -1.178775
1.720000 -0.615619 -0.732329
1.740000 -0.630266 -0.270357
1.760000 -0.635673 0.201130
1.780000 -0.631650 0.676106
1.800000 -0.618128 1.148488
1.820000 -0.595159 1.612096
1.840000 -0.562917 2.060608
1.860000 -0.521704 2.487533
1.880000 -0.471954 2.886219
1.900000 -0.414229 3.249921
1.920000 -0.349231 3.571909
1.940000 -0.277793 3.845649
1.960000 -0.200880 4.065036
1.980000 -0.119579 4.224662
2.000000 -0.035086 4.320097
2.020000 0.051316 4.348160
2.040000 0.138279 4.307125
2.060000 0.224422 4.196854
2.080000 0.308359 4.018820
2.100000 0.388735 3.776024
2.120000 0.464256 3.472809
2.140000 0.533712 3.114603
2.160000 0.596004 2.707617
2.180000 0.650156 2.258545
2.200000 0.695327 1.774296
2.220000 0.730813 1.261787
2.240000 0.756049 0.727807
2.260000 0.770605 0.178965
2.280000 0.774184 -0.378290
2.300000 0.766618 -0.937597
2.320000 0.747867 -1.492560
2.340000 0.718015 -2.036621
2.360000 0.677283 -2.562934
2.380000 0.626024 -3.064276
2.400000 0.564739 -3.533018
2.420000 0.494078 -3.961174
2.440000 0.414855 -4.340551
2.460000 0.328044 -4.662997
2.480000 0.234784 -4.920750
2.500000 0.136369 -5.106856
2.520000 0.034232 -5.215614
2.540000 -0.070080 -5.242994
2.560000 -0.174940 -5.186975
2.580000 -0.278680 -5.047736
2.600000 -0.379635 -4.827666
2.620000 -0.476188 -4.531202
2.640000 -0.566812 -4.164486
2.660000 -0.650102 -3.734930
2.680000 -0.724800 -3.250716
2.700000 -0.789815 -2.720327
2.720000 -0.844221 -2.152149
2.740000 -0.887264 -1.554186
2.760000 -0.918348 -0.933908
2.780000 -0.937026 -0.298229
2.800000 -0.942991 0.346412
2.820000 -0.936062 0.993866
2.840000 -0.916185 1.638050
2.860000 -0.883424 2.272677
2.880000 -0.837970 2.891010
2.900000 -0.780150 3.485640
2.920000 -0.710437 4.048349
2.940000 -0.629470 4.570081
2.960000 -0.538069 5.041054
2.980000 -0.437248 5.451037
3.000000 -0.328227 5.789796
3.020000 -0.212431 6.047688
3.040000 -0.091477 6.216357
3.060000 0.032850 6.289437
3.080000 0.158639 6.263162
3.100000 0.283902 6.136783
3.120000 0.406637 5.912700
3.140000 0.524891 5.596281
3.160000 0.636817 5.195386
3.180000 0.740725 4.719675
3.200000 0.835118 4.179816
3.220000 0.918715 3.586716
3.240000 0.990449 2.950858
3.260000 1.049466 2.281840
3.280000 1.095103 1.588114
3.300000 1.126865 0.876934
3.320000 1.144404 0.154478
3.340000 1.147493 -0.573893
3.360000 1.136016 -1.303283
3.380000 1.109950 -2.028853
3.400000 1.069373 -2.745394
3.420000 1.014465 -3.446914
3.440000 0.945527 -4.126272
3.460000 0.863001 -4.774916
3.480000 0.767503 -5.382754
3.500000 0.659848 -5.938226
3.520000 0.541083 -6.428624
3.540000 0.412511 -6.840676
3.560000 0.275697 -7.161404
3.580000 0.132469 -7.379179
3.600000 -0.015114 -7.484844
3.620000 -0.164811 -7.472753
3.640000 -0.314266 -7.341500
3.660000 -0.461096 -7.094205
3.680000 -0.602980 -6.738261
3.700000 -0.737746 -6.284581
3.720000 -0.863437 -5.746484
3.740000 -0.978367 -5.138420
3.760000 -1.081135 -4.474750
3.780000 -1.170630 -3.768756
3.800000 -1.246005 -3.031959
3.820000 -1.306645 -2.273785
3.840000 -1.352120 -1.501534
3.860000 -1.382151 -0.720585
3.880000 -1.396563 0.065222
3.900000 -1.395258 0.853110
3.920000 -1.378196 1.640816
3.940000 -1.345380 2.426024
3.960000 -1.296859 3.205785
3.980000 -1.232744 3.975955
4.000000 -1.153225 4.730677
4.020000 -1.058611 5.461938
4.040000 -0.949372 6.159279
4.060000 -0.826187 6.809719
4.080000 -0.689992 7.398001
4.100000 -0.542032 7.907226
4.120000 -0.383888 8.319928
4.140000 -0.217489 8.619551
4.160000 -0.045098 8.792174
4.180000 0.130745 8.828240
4.200000 0.307310 8.723941
4.220000 0.481789 8.481945
4.240000 0.651428 8.111253
4.260000 0.813653 7.626195
4.280000 0.966177 7.044754
4.300000 1.107072 6.386579
4.320000 1.234803 5.671065
4.340000 1.348225 4.915798
4.360000 1.446541 4.135532
4.380000 1.529251 3.341700
4.400000 1.596085 2.542390
4.420000 1.646933 1.742646
4.440000 1.681786 0.944963
4.460000 1.700685 0.149886
4.480000 1.703683 -0.643375
4.500000 1.690815 -1.436322
4.520000 1.662089 -2.230567
4.540000 1.617478 -3.027236
4.560000 1.556933 -3.826364
4.580000 1.480406 -4.626288
4.600000 1.387880 -5.423022
4.620000 1.279419 -6.209675
4.640000 1.155226 -6.975955
4.660000 1.015707 -7.707864
4.680000 0.861550 -8.387746
4.700000 0.693795 -8.994829
4.720000 0.513898 -9.506396
4.740000 0.323770 -9.899656
4.760000 0.125777 -10.154171
4.780000 -0.077306 -10.254528
4.800000 -0.282397 -10.192744
4.820000 -0.486252 -9.969817
4.840000 -0.685648 -9.595965
4.860000 -0.877567 -9.089425
4.880000 -1.059356 -8.474076
4.900000 -1.228837 -7.776443
4.920000 -1.384366 -7.022764
4.940000 -1.524822 -6.236626
4.960000 -1.649554 -5.437471
4.980000 -1.758304 -4.639951
5.000000 -1.851103 -3.853974
